13554756349,20211202082000,16030401EAFB68F1E3CDF819735E1C66,1
13236723613,20211202082500,16030401EAFB68F1E3CDF819735E1C66,1
13554756349,20211202180000,16030401EAFB68F1E3CDF819735E1C66,0
13236723613,20211202180000,16030401EAFB68F1E3CDF819735E1C66,0
13236723613,20211202075000,9F36407EAD0629FC166F14DDE7970F68,1
13554756349,20211202075100,9F36407EAD0629FC166F14DDE7970F68,1
13236723613,20211202081000,9F36407EAD0629FC166F14DDE7970F68,0
13554756349,20211202081300,9F36407EAD0629FC166F14DDE7970F68,0
13554756349,20211202175000,9F36407EAD0629FC166F14DDE7970F68,1
13236723613,20211202182000,9F36407EAD0629FC166F14DDE7970F68,1
13554756349,20211202220000,9F36407EAD0629FC166F14DDE7970F68,0
13236723613,20211202230000,9F36407EAD0629FC166F14DDE7970F68,0
13236723613,20211202081100,CC0710CC94ECC657A8561DE549D940E0,1
13554756349,20211202081200,CC0710CC94ECC657A8561DE549D940E0,1
13554756349,20211202081900,CC0710CC94ECC657A8561DE549D940E0,0
13236723613,20211202082000,CC0710CC94ECC657A8561DE549D940E0,0
13554756349,20211202171000,CC0710CC94ECC657A8561DE549D940E0,1
13554756349,20211202171600,CC0710CC94ECC657A8561DE549D940E0,0
13236723613,20211202180500,CC0710CC94ECC657A8561DE549D940E0,1
13236723613,20211202181500,CC0710CC94ECC657A8561DE549D940E0,0